0.139504 5.074689
0 0 0.0450293837709420
1 1 0.0000000000000001
2 0 0.0510194834136708
2 2 0.0318362491029801
3 1 0.0000000000000001
3 3 0.0000000000000001
4 0 0.0246252476098624
4 2 0.0585042186822196
4 4 0.0151110885132063
5 1 0.0000000000000001
5 3 0.0000000000000003
5 5 0.0000000000000001
6 0 0.0171887724925761
6 2 0.0497332076819051
6 4 0.0359833995605013
6 6 0.0110423872777870
7 1 0.0000000000000002
7 3 0.0000000000000002
7 5 0.0000000000000002
7 7 0.0000000000000001
8 0 0.0120465041902608
8 2 0.0325685457527144
8 4 0.0400723120188085
8 6 0.0327828311275467
8 8 0.0074815330803387
9 1 0.0000000000000001
9 3 0.0000000000000001
9 5 0.0000000000000003
9 7 0.0000000000000003
9 9 0.0000000000000001
10 0 0.0072073654910360
10 2 0.0130397353522721
10 4 0.0465274209410969
10 6 0.0396604084018959
10 8 0.0238138264981744
10 10 0.0045839077344363
11 1 0.0000000000000000
11 3 0.0000000000000002
11 5 0.0000000000000005
11 7 0.0000000000000004
11 9 0.0000000000000002
11 11 0.0000000000000001
12 0 0.0171350594019918
12 2 0.0159626000492351
12 4 0.0517194445204287
12 6 0.0288241576628323
12 8 0.0288760049094028
12 10 0.0161187278082725
12 12 0.0020350917450905
13 1 0.0000000000000000
13 3 0.0000000000000004
13 5 0.0000000000000006
13 7 0.0000000000000003
13 9 0.0000000000000003
13 11 0.0000000000000002
13 13 0.0000000000000000
14 0 0.0115945616514129
14 2 0.0141801839404394
14 4 0.0470764994401813
14 6 0.0173934974522204
14 8 0.0196578151106603
14 10 0.0207839336884521
14 12 0.0073207953749598
14 14 0.0009741765313222
15 1 0.0000000000000005
15 3 0.0000000000000004
15 5 0.0000000000000005
15 7 0.0000000000000002
15 9 0.0000000000000002
15 11 0.0000000000000002
15 13 0.0000000000000001
15 15 0.0000000000000000
16 0 0.0051436180151572
16 2 0.0117914466611840
16 4 0.0326482737411069
16 6 0.0139170744890447
16 8 0.0117464271239125
16 10 0.0115449742123096
16 12 0.0085598895588480
16 14 0.0034626023068563
16 16 0.0006123669657657
17 1 0.0000000000000012
17 3 0.0000000000000026
17 5 0.0000000000000011
17 7 0.0000000000000007
17 9 0.0000000000000002
17 11 0.0000000000000001
17 13 0.0000000000000001
17 15 0.0000000000000001
17 17 0.0000000000000000
18 0 0.0026692879222210
18 2 0.0014986541795820
18 4 0.0188213855017054
18 6 0.0121856614898303
18 8 0.0094020170557699
18 10 0.0043398673929002
18 12 0.0025455070755783
18 14 0.0030297022619892
18 16 0.0021003350325109
18 18 0.0003420432369765
19 1 0.0000000000000052
19 3 0.0000000000000079
19 5 0.0000000000000114
19 7 0.0000000000000030
19 9 0.0000000000000006
19 11 0.0000000000000003
19 13 0.0000000000000000
19 15 0.0000000000000000
19 17 0.0000000000000000
19 19 0.0000000000000000
20 0 0.0038367687576927
20 2 0.0096106523840850
20 4 0.0130354928556783
20 6 0.0079042710649343
20 8 0.0076458711545462
20 10 0.0103745475204349
20 12 0.0042442184012612
20 14 0.0037933545140840
20 16 0.0009115029515083
20 18 0.0010449635711317
20 20 0.0001554987850388
21 1 0.0000000000000282
21 3 0.0000000000000476
21 5 0.0000000000000557
21 7 0.0000000000000214
21 9 0.0000000000000069
21 11 0.0000000000000015
21 13 0.0000000000000002
21 15 0.0000000000000001
21 17 0.0000000000000000
21 19 0.0000000000000000
21 21 0.0000000000000000
22 0 0.0059494128155675
22 2 0.0117823997528262
22 4 0.0093325484580329
22 6 0.0148622418763463
22 8 0.0092897300033538
22 10 0.0128805400830618
22 12 0.0087263267976271
22 14 0.0079302329481049
22 16 0.0062291768202251
22 18 0.0006827113698296
22 20 0.0003938264371976
22 22 0.0000696169156620
23 1 0.0000000000000773
23 3 0.0000000000001184
23 5 0.0000000000001826
23 7 0.0000000000000467
23 9 0.0000000000000256
23 11 0.0000000000000085
23 13 0.0000000000000018
23 15 0.0000000000000002
23 17 0.0000000000000002
23 19 0.0000000000000000
23 21 0.0000000000000000
23 23 0.0000000000000000
24 0 0.0045881135473681
24 2 0.0083791530517658
24 4 0.0057603073808032
24 6 0.0184560527510714
24 8 0.0139345826319008
24 10 0.0087181410719494
24 12 0.0132939777923878
24 14 0.0066288599955724
24 16 0.0117902297125415
24 18 0.0068632359281529
24 20 0.0010421053498414
24 22 0.0001631521259103
24 24 0.0000488129674530
25 1 0.0000000000012068
25 3 0.0000000000014978
25 5 0.0000000000002326
25 7 0.0000000000003684
25 9 0.0000000000001687
25 11 0.0000000000000466
25 13 0.0000000000000148
25 15 0.0000000000000025
25 17 0.0000000000000005
25 19 0.0000000000000001
25 21 0.0000000000000000
25 23 0.0000000000000000
25 25 0.0000000000000000
