0.052363 5.958131
0 0 0.0820217948383240
1 1 0.0000000000000002
2 0 0.0632013519018268
2 2 0.0400727602741073
3 1 0.0000000000000002
3 3 0.0000000000000001
4 0 0.0000151686889465
4 2 0.0303878377248919
4 4 0.0259260007937553
5 1 0.0000000000000001
5 3 0.0000000000000001
5 5 0.0000000000000002
6 0 0.0028887356286153
6 2 0.0261323201712914
6 4 0.0403527594292975
6 6 0.0143489244053879
7 1 0.0000000000000000
7 3 0.0000000000000002
7 5 0.0000000000000003
7 7 0.0000000000000001
8 0 0.0013973991031737
8 2 0.0113206000095838
8 4 0.0351313655016376
8 6 0.0156552734249860
8 8 0.0205250792044178
9 1 0.0000000000000001
9 3 0.0000000000000002
9 5 0.0000000000000002
9 7 0.0000000000000003
9 9 0.0000000000000002
10 0 0.0191497720152198
10 2 0.0168166143323311
10 4 0.0316902724434556
10 6 0.0258293122269405
10 8 0.0458711731131697
10 10 0.0161552559154965
11 1 0.0000000000000003
11 3 0.0000000000000002
11 5 0.0000000000000004
11 7 0.0000000000000005
11 9 0.0000000000000004
11 11 0.0000000000000002
12 0 0.0354948435583478
12 2 0.0221860176174990
12 4 0.0499480602932339
12 6 0.0347348063800871
12 8 0.0551542474418302
12 10 0.0291939500425347
12 12 0.0111133596305715
13 1 0.0000000000000003
13 3 0.0000000000000002
13 5 0.0000000000000006
13 7 0.0000000000000005
13 9 0.0000000000000005
13 11 0.0000000000000003
13 13 0.0000000000000002
14 0 0.0236002026829610
14 2 0.0157622682248609
14 4 0.0409647106476678
14 6 0.0325776212464283
14 8 0.0444958614534363
14 10 0.0240367637146260
14 12 0.0156696481123349
14 14 0.0070205641400626
15 1 0.0000000000000004
15 3 0.0000000000000006
15 5 0.0000000000000005
15 7 0.0000000000000007
15 9 0.0000000000000004
15 11 0.0000000000000002
15 13 0.0000000000000002
15 15 0.0000000000000001
16 0 0.0085732406228027
16 2 0.0035890009877043
16 4 0.0239334306979802
16 6 0.0205189052347221
16 8 0.0250573313439928
16 10 0.0169701284954604
16 12 0.0088532076431559
16 14 0.0081906022827221
16 16 0.0039051934521049
17 1 0.0000000000000006
17 3 0.0000000000000066
17 5 0.0000000000000013
17 7 0.0000000000000019
17 9 0.0000000000000005
17 11 0.0000000000000003
17 13 0.0000000000000002
17 15 0.0000000000000001
17 17 0.0000000000000001
18 0 0.0093169979374564
18 2 0.0036275736904967
18 4 0.0107566318546085
18 6 0.0065898536971560
18 8 0.0178325525086542
18 10 0.0135180768232670
18 12 0.0084720997295178
18 14 0.0036831804777402
18 16 0.0027641178416917
18 18 0.0024514436026452
19 1 0.0000000000000224
19 3 0.0000000000000087
19 5 0.0000000000000375
19 7 0.0000000000000116
19 9 0.0000000000000046
19 11 0.0000000000000008
19 13 0.0000000000000002
19 15 0.0000000000000001
19 17 0.0000000000000001
19 19 0.0000000000000001
20 0 0.0113893946837266
20 2 0.0037637895701528
20 4 0.0056903995260265
20 6 0.0101108198740996
20 8 0.0132770528703500
20 10 0.0142895058313473
20 12 0.0154419875826453
20 14 0.0061822674132608
20 16 0.0066319405487220
20 18 0.0007049358334049
20 20 0.0018123254247919
21 1 0.0000000000000337
21 3 0.0000000000000783
21 5 0.0000000000000398
21 7 0.0000000000001081
21 9 0.0000000000000153
21 11 0.0000000000000090
21 13 0.0000000000000012
21 15 0.0000000000000002
21 17 0.0000000000000001
21 19 0.0000000000000001
21 21 0.0000000000000001
22 0 0.0086351166490689
22 2 0.0052107399634625
22 4 0.0035199078217807
22 6 0.0093846499879267
22 8 0.0124439834864913
22 10 0.0095827279145043
22 12 0.0155430983329216
22 14 0.0164484193657518
22 16 0.0072739532795948
22 18 0.0064993014003736
22 20 0.0011372396127773
22 22 0.0013026296834979
23 1 0.0000000000001641
23 3 0.0000000000002430
23 5 0.0000000000002937
23 7 0.0000000000004919
23 9 0.0000000000001406
23 11 0.0000000000000199
23 13 0.0000000000000096
23 15 0.0000000000000016
23 17 0.0000000000000003
23 19 0.0000000000000001
23 21 0.0000000000000001
23 23 0.0000000000000000
24 0 0.0035357516985482
24 2 0.0046922519154053
24 4 0.0064968063001164
24 6 0.0122235847703651
24 8 0.0198906100595977
24 10 0.0071112126017434
24 12 0.0127330147091641
24 14 0.0205963525265666
24 16 0.0141097059956228
24 18 0.0079661227935775
24 20 0.0075613791251174
24 22 0.0020020123689993
24 24 0.0008111908437283
25 1 0.0000000000033200
25 3 0.0000000000035877
25 5 0.0000000000016097
25 7 0.0000000000033138
25 9 0.0000000000002942
25 11 0.0000000000003857
25 13 0.0000000000000717
25 15 0.0000000000000058
25 17 0.0000000000000026
25 19 0.0000000000000003
25 21 0.0000000000000002
25 23 0.0000000000000001
25 25 0.0000000000000000
