0.013396 7.676023
0 0 0.0697513983902827
1 1 0.0000000000000002
2 0 0.0541774227983261
2 2 0.0411368802402095
3 1 0.0000000000000001
3 3 0.0000000000000002
4 0 0.0209045433749515
4 2 0.0157438912258270
4 4 0.0271574145817495
5 1 0.0000000000000003
5 3 0.0000000000000004
5 5 0.0000000000000001
6 0 0.0096156014844536
6 2 0.0111506299083836
6 4 0.0219696127100924
6 6 0.0248121647941775
7 1 0.0000000000000005
7 3 0.0000000000000005
7 5 0.0000000000000005
7 7 0.0000000000000001
8 0 0.0213497955168709
8 2 0.0198626318953893
8 4 0.0390928572513909
8 6 0.0218734665849478
8 8 0.0226192279372979
9 1 0.0000000000000002
9 3 0.0000000000000002
9 5 0.0000000000000001
9 7 0.0000000000000004
9 9 0.0000000000000002
10 0 0.0093511148783900
10 2 0.0174012192998695
10 4 0.0248271597026256
10 6 0.0285520900545986
10 8 0.0193501151906874
10 10 0.0226377090950226
11 1 0.0000000000000003
11 3 0.0000000000000001
11 5 0.0000000000000005
11 7 0.0000000000000003
11 9 0.0000000000000005
11 11 0.0000000000000003
12 0 0.0038768523442077
12 2 0.0262459092685606
12 4 0.0218849193762457
12 6 0.0357981624451321
12 8 0.0192707715647829
12 10 0.0188497910373530
12 12 0.0155108067223145
13 1 0.0000000000000007
13 3 0.0000000000000008
13 5 0.0000000000000006
13 7 0.0000000000000004
13 9 0.0000000000000003
13 11 0.0000000000000003
13 13 0.0000000000000003
14 0 0.0028626408786500
14 2 0.0197051605972380
14 4 0.0178910679307128
14 6 0.0323059974025834
14 8 0.0162838543864817
14 10 0.0150258617065350
14 12 0.0105288275871394
14 14 0.0071856078809433
15 1 0.0000000000000022
15 3 0.0000000000000032
15 5 0.0000000000000009
15 7 0.0000000000000006
15 9 0.0000000000000005
15 11 0.0000000000000003
15 13 0.0000000000000002
15 15 0.0000000000000001
16 0 0.0045330511600521
16 2 0.0054447771688318
16 4 0.0078787101912716
16 6 0.0196113130527991
16 8 0.0108877308695238
16 10 0.0083677806880847
16 12 0.0087970758594457
16 14 0.0040812070135419
16 16 0.0017681507996829
17 1 0.0000000000000197
17 3 0.0000000000000191
17 5 0.0000000000000056
17 7 0.0000000000000014
17 9 0.0000000000000006
17 11 0.0000000000000005
17 13 0.0000000000000002
17 15 0.0000000000000001
17 17 0.0000000000000000
18 0 0.0031772201051437
18 2 0.0042728291949471
18 4 0.0043998442480239
18 6 0.0109755300407321
18 8 0.0064705701316889
18 10 0.0034596391296471
18 12 0.0063069464297614
18 14 0.0047610817971054
18 16 0.0011525742622385
18 18 0.0007828776948200
19 1 0.0000000000000625
19 3 0.0000000000000277
19 5 0.0000000000000363
19 7 0.0000000000000077
19 9 0.0000000000000048
19 11 0.0000000000000024
19 13 0.0000000000000005
19 15 0.0000000000000001
19 17 0.0000000000000001
19 19 0.0000000000000000
20 0 0.0024042258209002
20 2 0.0030226738794330
20 4 0.0072988969832236
20 6 0.0083934880807772
20 8 0.0067958212839522
20 10 0.0054242376981431
20 12 0.0039116340601118
20 14 0.0062674199767095
20 16 0.0015330090542087
20 18 0.0015644229196086
20 20 0.0024902183935888
21 1 0.0000000000008198
21 3 0.0000000000001143
21 5 0.0000000000002506
21 7 0.0000000000001083
21 9 0.0000000000000365
21 11 0.0000000000000165
21 13 0.0000000000000035
21 15 0.0000000000000007
21 17 0.0000000000000001
21 19 0.0000000000000001
21 21 0.0000000000000001
22 0 0.0024159658476811
22 2 0.0063091465526351
22 4 0.0069307005832772
22 6 0.0061316221366984
22 8 0.0104009421977063
22 10 0.0101096226977121
22 12 0.0032611904371874
22 14 0.0068581044786868
22 16 0.0028904056239941
22 18 0.0012936995451216
22 20 0.0039206359838167
22 22 0.0047344570316670
23 1 0.0000000000042841
23 3 0.0000000000013643
23 5 0.0000000000021459
23 7 0.0000000000012811
23 9 0.0000000000002943
23 11 0.0000000000001111
23 13 0.0000000000000152
23 15 0.0000000000000033
23 17 0.0000000000000006
23 19 0.0000000000000001
23 21 0.0000000000000002
23 23 0.0000000000000002
24 0 0.0016000285828545
24 2 0.0045373007410167
24 4 0.0021907268926727
24 6 0.0057431435781020
24 8 0.0104722080616193
24 10 0.0124505293370700
24 12 0.0066440277500206
24 14 0.0052675338814567
24 16 0.0049731076204751
24 18 0.0029260970204902
24 20 0.0029266378584790
24 22 0.0057582096939884
24 24 0.0053669980570649
25 1 0.0000000000122583
25 3 0.0000000000203979
25 5 0.0000000000131167
25 7 0.0000000000068403
25 9 0.0000000000013709
25 11 0.0000000000005586
25 13 0.0000000000002156
25 15 0.0000000000000295
25 17 0.0000000000000069
25 19 0.0000000000000009
25 21 0.0000000000000001
25 23 0.0000000000000002
25 25 0.0000000000000002
