0.028430 3.373718
0 0 0.0384295414774051
1 1 0.0000000000000001
2 0 0.0565558582740981
2 2 0.0084798688728531
3 1 0.0000000000000002
3 3 0.0000000000000000
4 0 0.0296782998898765
4 2 0.0162990305259461
4 4 0.0085862884790941
5 1 0.0000000000000000
5 3 0.0000000000000000
5 5 0.0000000000000001
6 0 0.0090926609946156
6 2 0.0082832548514885
6 4 0.0251104507549534
6 6 0.0050304513254243
7 1 0.0000000000000001
7 3 0.0000000000000001
7 5 0.0000000000000002
7 7 0.0000000000000000
8 0 0.0214288470368427
8 2 0.0127673426470285
8 4 0.0304670139394542
8 6 0.0179332619224170
8 8 0.0029446745272372
9 1 0.0000000000000001
9 3 0.0000000000000003
9 5 0.0000000000000002
9 7 0.0000000000000001
9 9 0.0000000000000000
10 0 0.0101151805718259
10 2 0.0266049021380222
10 4 0.0282625154051273
10 6 0.0284786030120698
10 8 0.0134666497568942
10 10 0.0014258455932404
11 1 0.0000000000000002
11 3 0.0000000000000004
11 5 0.0000000000000002
11 7 0.0000000000000003
11 9 0.0000000000000002
11 11 0.0000000000000000
12 0 0.0006174980418307
12 2 0.0337753723515731
12 4 0.0384035081922041
12 6 0.0257647730425511
12 8 0.0282423555272106
12 10 0.0058496616493372
12 12 0.0006135888355468
13 1 0.0000000000000003
13 3 0.0000000000000004
13 5 0.0000000000000003
13 7 0.0000000000000004
13 9 0.0000000000000003
13 11 0.0000000000000001
13 13 0.0000000000000000
14 0 0.0030395852380967
14 2 0.0272276249983010
14 4 0.0344064702778433
14 6 0.0148350706888186
14 8 0.0328894895298608
14 10 0.0106558816012955
14 12 0.0028835644701733
14 14 0.0003061190555128
15 1 0.0000000000000002
15 3 0.0000000000000003
15 5 0.0000000000000003
15 7 0.0000000000000003
15 9 0.0000000000000003
15 11 0.0000000000000001
15 13 0.0000000000000000
15 15 0.0000000000000000
16 0 0.0015058588734629
16 2 0.0125762765893724
16 4 0.0197617599906975
16 6 0.0087911273247556
16 8 0.0204874280804246
16 10 0.0118247060711332
16 12 0.0067061927294038
16 14 0.0015917592338926
16 16 0.0001564911768261
17 1 0.0000000000000011
17 3 0.0000000000000007
17 5 0.0000000000000006
17 7 0.0000000000000003
17 9 0.0000000000000002
17 11 0.0000000000000001
17 13 0.0000000000000001
17 15 0.0000000000000000
17 17 0.0000000000000000
18 0 0.0007605300317289
18 2 0.0052844093902460
18 4 0.0120136123132369
18 6 0.0052886521041830
18 8 0.0072711815844936
18 10 0.0082070166892097
18 12 0.0103250112979095
18 14 0.0044606462221987
18 16 0.0007028167683340
18 18 0.0000597897173241
19 1 0.0000000000000028
19 3 0.0000000000000018
19 5 0.0000000000000028
19 7 0.0000000000000014
19 9 0.0000000000000003
19 11 0.0000000000000002
19 13 0.0000000000000002
19 15 0.0000000000000001
19 17 0.0000000000000000
19 19 0.0000000000000000
20 0 0.0011275175582742
20 2 0.0008245907772717
20 4 0.0108094758442022
20 6 0.0073425019534168
20 8 0.0104467229914199
20 10 0.0038556216564064
20 12 0.0105462040403387
20 14 0.0082945725468074
20 16 0.0017815176526616
20 18 0.0003120771456065
20 20 0.0000321515817539
21 1 0.0000000000000100
21 3 0.0000000000000219
21 5 0.0000000000000152
21 7 0.0000000000000056
21 9 0.0000000000000030
21 11 0.0000000000000004
21 13 0.0000000000000002
21 15 0.0000000000000001
21 17 0.0000000000000000
21 19 0.0000000000000000
21 21 0.0000000000000000
22 0 0.0001380999616903
22 2 0.0056461282817454
22 4 0.0108678508143760
22 6 0.0094890155931812
22 8 0.0133490960706140
22 10 0.0083450748726692
22 12 0.0080877204081149
22 14 0.0099886204531474
22 16 0.0039726467596438
22 18 0.0011537846639565
22 20 0.0001890035086731
22 22 0.0000129598823755
23 1 0.0000000000000395
23 3 0.0000000000000791
23 5 0.0000000000000864
23 7 0.0000000000000335
23 9 0.0000000000000191
23 11 0.0000000000000038
23 13 0.0000000000000008
23 15 0.0000000000000001
23 17 0.0000000000000001
23 19 0.0000000000000000
23 21 0.0000000000000000
23 23 0.0000000000000000
24 0 0.0002404050292608
24 2 0.0072563468487958
24 4 0.0054764803792264
24 6 0.0096215500857209
24 8 0.0118917699858608
24 10 0.0116889796865482
24 12 0.0069336623766996
24 14 0.0087195509260766
24 16 0.0062109611805052
24 18 0.0027325465484362
24 20 0.0006378027034372
24 22 0.0000861160559316
24 24 0.0000055331603832
25 1 0.0000000000006932
25 3 0.0000000000002531
25 5 0.0000000000001612
25 7 0.0000000000001481
25 9 0.0000000000000619
25 11 0.0000000000000223
25 13 0.0000000000000053
25 15 0.0000000000000007
25 17 0.0000000000000002
25 19 0.0000000000000001
25 21 0.0000000000000000
25 23 0.0000000000000000
25 25 0.0000000000000000
