0.008476 3.519562
0 0 0.0339537863587996
1 1 0.0000000000000001
2 0 0.0416058425913031
2 2 0.0123410150544928
3 1 0.0000000000000002
3 3 0.0000000000000001
4 0 0.0162862937149456
4 2 0.0237944891106244
4 4 0.0060272943460764
5 1 0.0000000000000001
5 3 0.0000000000000001
5 5 0.0000000000000001
6 0 0.0039217228513877
6 2 0.0169593729191322
6 4 0.0190816243093641
6 6 0.0069065172770884
7 1 0.0000000000000000
7 3 0.0000000000000002
7 5 0.0000000000000001
7 7 0.0000000000000001
8 0 0.0081316523808278
8 2 0.0126592963354396
8 4 0.0313294140585402
8 6 0.0236978507642314
8 8 0.0039870514128217
9 1 0.0000000000000002
9 3 0.0000000000000001
9 5 0.0000000000000005
9 7 0.0000000000000002
9 9 0.0000000000000000
10 0 0.0056742429143150
10 2 0.0262425773866267
10 4 0.0361115670367956
10 6 0.0357392781957509
10 8 0.0149167586228034
10 10 0.0016806043924826
11 1 0.0000000000000004
11 3 0.0000000000000003
11 5 0.0000000000000008
11 7 0.0000000000000003
11 9 0.0000000000000001
11 11 0.0000000000000000
12 0 0.0013467271441374
12 2 0.0266720939575792
12 4 0.0336332192532912
12 6 0.0325118793935376
12 8 0.0235919147297319
12 10 0.0064995185555302
12 12 0.0008995503359856
13 1 0.0000000000000003
13 3 0.0000000000000004
13 5 0.0000000000000007
13 7 0.0000000000000003
13 9 0.0000000000000002
13 11 0.0000000000000001
13 13 0.0000000000000000
14 0 0.0008224918632648
14 2 0.0156417582468600
14 4 0.0253858505244259
14 6 0.0214787888408964
14 8 0.0210710397001500
14 10 0.0099714310746164
14 12 0.0038858675199078
14 14 0.0005103704843601
15 1 0.0000000000000002
15 3 0.0000000000000003
15 5 0.0000000000000004
15 7 0.0000000000000002
15 9 0.0000000000000003
15 11 0.0000000000000001
15 13 0.0000000000000001
15 15 0.0000000000000000
16 0 0.0003281299971481
16 2 0.0063510560877654
16 4 0.0144550918495800
16 6 0.0116990743963571
16 8 0.0130261884597232
16 10 0.0079753988802136
16 12 0.0066443417120052
16 14 0.0022345703932572
16 16 0.0002392517421542
17 1 0.0000000000000002
17 3 0.0000000000000013
17 5 0.0000000000000005
17 7 0.0000000000000002
17 9 0.0000000000000002
17 11 0.0000000000000001
17 13 0.0000000000000001
17 15 0.0000000000000000
17 17 0.0000000000000000
18 0 0.0001321452250423
18 2 0.0013663985672131
18 4 0.0072833855868385
18 6 0.0060025455009076
18 8 0.0081930474639534
18 10 0.0040372720677952
18 12 0.0057987546383241
18 14 0.0036865873450126
18 16 0.0009920294429114
18 18 0.0000919869933210
19 1 0.0000000000000030
19 3 0.0000000000000057
19 5 0.0000000000000016
19 7 0.0000000000000006
19 9 0.0000000000000003
19 11 0.0000000000000001
19 13 0.0000000000000001
19 15 0.0000000000000001
19 17 0.0000000000000000
19 19 0.0000000000000000
20 0 0.0014565238526957
20 2 0.0030724081413650
20 4 0.0065509227725823
20 6 0.0042780963571361
20 8 0.0046410868013746
20 10 0.0056515097964112
20 12 0.0042848007105000
20 14 0.0038134981513391
20 16 0.0016600518453599
20 18 0.0003534553720314
20 20 0.0000449502305962
21 1 0.0000000000000121
21 3 0.0000000000000200
21 5 0.0000000000000140
21 7 0.0000000000000083
21 9 0.0000000000000020
21 11 0.0000000000000007
21 13 0.0000000000000001
21 15 0.0000000000000001
21 17 0.0000000000000000
21 19 0.0000000000000000
21 21 0.0000000000000000
22 0 0.0007216420241136
22 2 0.0039488242565631
22 4 0.0033384803316802
22 6 0.0072759089597451
22 8 0.0067352450641528
22 10 0.0084637239479963
22 12 0.0048230435367344
22 14 0.0058218355555427
22 16 0.0039388020458533
22 18 0.0009180540550363
22 20 0.0001699952050503
22 22 0.0000269261621597
23 1 0.0000000000000425
23 3 0.0000000000000210
23 5 0.0000000000000326
23 7 0.0000000000000232
23 9 0.0000000000000136
23 11 0.0000000000000009
23 13 0.0000000000000005
23 15 0.0000000000000002
23 17 0.0000000000000001
23 19 0.0000000000000000
23 21 0.0000000000000000
23 23 0.0000000000000000
24 0 0.0014820950049717
24 2 0.0045298305395247
24 4 0.0025157980030392
24 6 0.0107601061875667
24 8 0.0061700954377502
24 10 0.0105560916774111
24 12 0.0072933374685691
24 14 0.0063552593188296
24 16 0.0067738317541759
24 18 0.0031915730317775
24 20 0.0005413050555767
24 22 0.0000954785062163
24 24 0.0000126174287735
25 1 0.0000000000000879
25 3 0.0000000000002685
25 5 0.0000000000004907
25 7 0.0000000000001569
25 9 0.0000000000000262
25 11 0.0000000000000200
25 13 0.0000000000000031
25 15 0.0000000000000009
25 17 0.0000000000000001
25 19 0.0000000000000001
25 21 0.0000000000000000
25 23 0.0000000000000000
25 25 0.0000000000000000
